0.00000000
0.02155172
0.04310345
0.06465517
0.08620690
0.10775862
0.12931034
0.15086207
0.17241379
0.19396552
0.21551724
0.23706897
0.25862069
0.28017241
0.30172414
0.32327586
0.34482759
0.36637931
0.38793103
0.40948276
0.43103448
0.45258621
0.47413793
0.49568966
0.51724138
0.53879310
0.56034483
0.58189655
0.60344828
0.62500000
0.64655172
0.66810345
0.68965517
0.71120690
0.73275862
0.75431034
0.77586207
0.79741379
0.81896552
0.84051724
0.86206897
0.88362069
0.90517241
0.92672414
0.94827586
0.96982759
0.99137931
1.01293103
1.03448276
1.05603448
1.07758621
1.09913793
1.12068966
1.14224138
1.16379310
1.18534483
1.20689655
1.22844828
1.25000000
1.27155172
1.29310345
1.31465517
1.33620690
1.35775862
1.37931034
1.40086207
1.42241379
1.44396552
1.46551724
1.48706897
1.50862069
1.53017241
1.55172414
1.57327586
1.59482759
1.61637931
1.63793103
1.65948276
1.68103448
1.70258621
1.72413793
1.74568966
1.76724138
1.78879310
1.81034483
1.83189655
1.85344828
1.87500000
1.89655172
1.91810345
1.93965517
1.96120690
1.98275862
2.00431034
2.02586207
2.04741379
2.06896552
2.09051724
2.11206897
2.13362069
2.15517241
2.17672414
2.19827586
2.21982759
2.24137931
2.26293103
2.28448276
2.30603448
2.32758621
2.34913793
2.37068966
2.39224138
2.41379310
2.43534483
2.45689655
2.47844828
2.50000000
2.52155172
2.54310345
2.56465517
2.58620690
2.60775862
2.62931034
2.65086207
2.67241379
2.69396552
2.71551724
2.73706897
2.75862069
2.78017241
2.80172414
2.82327586
2.84482759
2.86637931
2.88793103
2.90948276
2.93103448
2.95258621
2.97413793
2.99568966
3.01724138
3.03879310
3.06034483
3.08189655
3.10344828
3.12500000
3.14655172
3.16810345
3.18965517
3.21120690
3.23275862
3.25431034
3.27586207
3.29741379
3.31896552
3.34051724
3.36206897
3.38362069
3.40517241
3.42672414
3.44827586
3.46982759
3.49137931
3.51293103
3.53448276
3.55603448
3.57758621
3.59913793
3.62068966
3.64224138
3.66379310
3.68534483
3.70689655
3.72844828
3.75000000
3.77155172
3.79310345
3.81465517
3.83620690
3.85775862
3.87931034
3.90086207
3.92241379
3.94396552
3.96551724
3.98706897
4.00862069
4.03017241
4.05172414
4.07327586
4.09482759
4.11637931
4.13793103
4.15948276
4.18103448
4.20258621
4.22413793
4.24568966
4.26724138
4.28879310
4.31034483
4.33189655
4.35344828
4.37500000
4.39655172
4.41810345
4.43965517
4.46120690
4.48275862
4.50431034
4.52586207
4.54741379
4.56896552
4.59051724
4.61206897
4.63362069
4.65517241
4.67672414
4.69827586
4.71982759
4.74137931
4.76293103
4.78448276
4.80603448
4.82758621
4.84913793
4.87068966
4.89224138
4.91379310
4.93534483
4.95689655
4.97844828
